34,3
34,2
34,1
34,0
33,1
33,3
33,2
32,5
32,2
32,1
21,1
21,3
19,1
19,3
15,1
15,3
14,1
14,3
12,4
12,3
12,1
10,1
2,0
10,3
1,0
6,1
4,1
6,4
4,3
5,1
4,0
5,3
2,1
2,3
1,1
1,3
0,428
0,427
0,426
0,425
0,424
0,423
0,422
0,421
0,420
0,419
0,418
0,417
0,416
0,415
0,414
0,413
0,412
0,411
0,410
0,409
0,408
0,407
0,406
0,405
0,404
0,403
0,402
0,322
0,243
9,1
9,3
9,0
16,1
16,3
16,0
32,4
32,3
32,0
0,9
0,310
0,305
0,308
0,304
0,303
0,302
0,307
0,12
0,10
0,8
0,0
0,300
0,299
0,298
0,297
0,296
0,295
0,294
0,293
0,292
0,291
0,290
0,289
0,288
0,287
0,286
0,285
0,284
0,283
0,282
0,281
0,280
0,279
0,278
0,277
0,276
0,275
0,401
0,274
0,400
0,273
0,399
0,272
0,398
0,271
0,397
0,270
0,396
0,269
0,395
